563
137
640
781
706
125
506
998
209
341
456
898
495
112
34
437
185
458
769
510
761
770
791
700
719
130
783
534
967
775
53
239
144
391
907
438
61
306
787
683
248
967
575
539
751
729
514
582
169
63
521
595
368
908
111
883
938
176
959
556
849
480
231
948
45
346
799
845
234
248
550
305
149
939
911
14
625
820
540
44
391
727
754
36
924
667
865
889
258
380
699
893
971
824
926
815
205
541
839
39
828
574
748
504
108
382
597
580
52
357
405
443
936
557
737
665
187
649
244
302
688
210
855
620
874
524
402
386
452
269
538
362
261
7
879
737
612
891
374
235
844
492
462
268
100
303
460
477
91
127
649
823
546
48
169
35
406
700
562
639
742
971
281
536
609
213
348
356
444
594
708
783
769
567
695
269
951
65
71
195
359
787
790
326
118
12
232
953
424
125
495
623
934
885
118
761
12
944
505
453
855
618
185
342
225
939
948
859
664
107
828
86
727
268
970
254
380
242
143
540
371
790
825
247
429
322
836
255
37
804
515
599
715
329
976
353
788
737
394
925
409
733
335
478
166
362
151
571
857
80
763
60
427
502
990
985
799
719
290
914
842
252
911
395
246
741
337
498
709
66
477
457
836
45
521
659
116
787
577
164
625
266
920
181
312
48
752
284
0
779
213
668
540
919
88
620
884
992
228
710
878
986
992
368
176
296
941
989
165
817
277
936
742
857
664
387
437
61
172
621
452
143
19
213
719
900
581
655
380
756
135
761
563
593
756
545
293
310
38
826
503
718
331
508
47
703
353
572
767
50
552
117
425
677
373
81
253
925
414
452
294
437
845
159
597
78
887
164
197
654
255
924
338
94
842
964
871
408
374
237
672
656
786
567
445
537
781
43
518
409
844
555
554
360
275
488
398
297
419
217
819
284
35
134
775
874
190
912
70
503
931
642
4
870
389
216
427
931
964
7
196
457
53
47
468
637
456
649
454
308
778
682
504
706
109
13
175
451
811
207
328
715
805
230
979
322
182
853
334
64
369
803
865
777
149
417
973
523
897
549
450
289
521
228
573
644
286
665
509
418
653
279
629
825
667
970
765
631
118
64
333
9
302
811
997
217
932
121
544
5
768
13
711
190
321
129
882
49
556
352
884
697
346
651
102
993
509
673
696
658
942
868
186
964
834
942
866
478
973
303
994
522
549
624
589
77
781
612
416
29
853
309
874
204
434
498
578
262
787
951
368
309
381
371
846
140
613
267
988
193
917
129
692
447
805
25
663
763
251
492
697
753
91
638
280
708
447
440
556
798
910
922
532
259
209
364
571
178
1
68
720
468
386
566
860
720
576
847
778
674
674
160
992
915
429
95
415
268
180
79
472
72
459
468
924
159
789
931
744
288
933
539
210
256
481
541
919
162
299
56
480
723
448
889
977
547
605
98
478
782
52
864
152
701
949
915
309
662
924
502
790
110
476
393
777
204
212
602
244
368
790
57
808
853
630
555
655
898
898
720
586
152
925
753
555
698
273
958
847
104
232
20
477
23
340
761
994
266
938
573
445
896
540
225
669
518
718
441
157
219
749
181
387
40
248
344
311
999
236
36
363
579
372
220
436
347
42
29
240
750
659
889
515
897
859
269
396
377
566
359
747
930
292
874
932
343
493
245
61
693
269
967
983
526
190
10
530
268
604
258
886
410
388
108
720
426
739
564
557
791
315
66
461
769
824
728
215
654
952
561
311
111
894
609
683
623
435
137
737
746
423
288
309
328
156
777
463
221
603
534
94
258
24
419
827
77
966
30
180
131
463
104
25
474
817
70
42
653
735
993
352
651
710
501
406
854
991
689
277
752
562
336
115
697
414
346
393
700
423
865
192
945
889
514
203
488
785
81
715
839
273
805
953
968
723
806
110
457
418
311
686
339
259
800
476
341
653
618
805
458
326
411
859
71
664
341
508
183
744
295
441
884
270
450
491
419
739
29
92
155
421
789
751
422
16
697
617
47
429
299
114
25
63
961
400
738
481
807
910
63
808
22
532
415
759
384
68
290
685
186
676
46
462
584
263
801
330
751
99
459
325
338
66
198
615
614
142
661
452
32
838
760
855
485
64
869
677
1
511
230
723
941
673
811
508
745
616
127
401
765
365
748
714
11
155
922
3
454
842
742
909
347
144
141
918
437
705
303
573
870
980
513
912
71
539
787
768
248
843
943
63
285
804
910
522
489
274
828
247
764
175
87
766
0
135
649
129
672
975
996
33
992
363
487
844
392
599
502
127
956
819
523
20
711
105
806
246
889
432
844
528
370
57
445
751
946
748
356
818
964
102
610
408
441
243
455
956
150
516
152
822
705
58
442
975
811
392
711
422
458
47
120
709
838
607
377
617
868
860
88
778
590
398
839
567
756
643
602
234
712
554
892
933
609
533
842
446
849
737
628
556
547
709
10
904
757
512
167
108
752
73
462
786
937
171
493
421
243
157
626
519
542
526
323
405
160
537
244
341
435
190
191
702
270
917
296
320
765
996
378
821
411
936
588
625
831
673
955
914
915
530
218
498
485
480
449
417
298
351
393
355
887
389
804
519
512
528
942
848
178
187
759
65
160
368
253
780
136
605
549
652
382
758
529
610
804
40
586
869
783
700
735
180
154
872
49
695
267
798
525
589
554
583
739
558
204
993
23
36
693
44
783
25
833
484
790
670
883
892
679
797
221
504
456
686
732
680
735
792
614
359
169
2
772
468
334
605
524
204
524
462
471
645
792
865
850
892
671
345
76
563
124
139
339
169
503
522
256
479
345
673
174
162
745
205
92
665
903
817
500
854
549
478
493
893
679
722
53
885
111
459
228
24
813
764
722
906
568
242
147
276
715
690
905
978
815
945
314
183
742
676
914
753
847
565
179
840
213
783
317
134
933
700
675
53
100
332
285
556
87
262
89
88
534
681
39
451
136
33
313
606
715
289
70
43
34
461
344
84
256
741
656
209
153
113
15
167
626
991
192
572
207
716
367
926
158
323
63
795
787
11
424
881
260
430
91
257
392
598
60
710
238
89
335
122
654
283
467
399
660
842
477
195
50
652
680
350
665
332
707
929
822
922
507
449
605
352
628
659
925
927
580
324
840
213
822
755
60
145
611
428
863
238
163
328
739
613
972
538
777
518
63
238
695
851
225
250
47
359
215
492
474
657
171
443
748
915
26
967
665
227
357
102
81
191
949
197
92
242
567
826
250
401
218
483
369
395
551
634
217
288
923
312
451
562
359
808
373
300
650
531
387
977
639
5
968
267
82
667
337
298
775
148
932
961
71
995
158
103
92
520
243
122
850
716
123
738
747
981
147
679
632
87
860
750
838
670
787
80
851
676
531
595
328
259
448
17
875
