344
851
544
777
754
81
599
262
386
282
657
576
250
330
829
512
17
908
791
190
904
193
139
61
13
96
143
824
918
43
702
224
438
246
305
401
518
811
143
12
523
502
467
929
104
367
607
974
874
249
499
532
111
102
562
707
315
596
898
963
410
959
613
602
987
781
60
218
623
25
106
117
889
974
217
523
49
140
566
905
195
615
606
222
963
223
964
911
310
462
414
576
506
930
883
989
939
57
251
38
318
783
371
908
49
16
331
133
418
975
421
375
305
546
714
677
180
801
95
336
435
190
906
981
243
48
815
498
974
190
830
449
388
910
625
634
516
527
985
191
659
609
709
872
350
388
368
366
226
162
721
298
26
345
469
891
788
363
481
149
266
995
761
153
957
744
742
549
674
139
564
702
903
664
922
42
652
736
318
631
316
692
743
920
778
949
306
579
644
743
386
887
60
242
875
683
862
293
204
409
947
687
338
706
620
308
222
597
94
823
648
359
849
342
210
761
119
395
79
749
340
422
396
576
683
898
552
651
195
478
909
70
613
574
55
836
511
606
186
209
950
301
950
277
303
923
641
394
123
17
330
715
565
394
702
130
330
799
509
193
890
737
388
545
875
767
212
279
708
459
772
102
687
171
307
191
413
338
462
144
313
534
546
537
716
159
198
58
220
216
205
17
459
314
26
543
194
145
85
444
641
958
130
774
373
486
809
930
732
65
630
871
215
101
831
672
994
394
844
166
990
802
174
738
761
529
30
113
682
259
171
153
542
213
119
499
355
343
595
490
931
210
617
660
94
634
890
228
620
390
481
73
277
937
333
451
760
688
217
427
31
655
979
607
202
533
620
514
152
125
10
725
823
493
720
856
756
694
861
49
614
382
963
563
551
86
493
698
116
497
720
129
716
252
622
551
739
368
222
767
300
157
426
483
563
829
186
822
808
356
652
772
6
694
684
398
779
229
869
273
37
14
507
60
396
667
53
991
940
479
71
778
715
209
816
818
997
955
560
813
136
746
216
592
48
677
987
478
695
54
143
724
360
237
633
47
359
633
314
647
176
557
521
243
175
882
913
179
88
861
38
455
471
906
411
51
585
31
308
421
860
150
865
708
750
505
579
332
547
378
690
518
86
43
99
680
229
820
270
100
529
692
279
304
68
106
166
238
972
70
869
626
572
921
865
917
962
359
491
341
845
140
382
830
730
839
718
428
261
531
447
718
603
884
357
339
300
695
158
306
241
112
843
318
388
542
885
862
506
179
378
552
141
545
517
607
958
581
672
416
836
29
466
630
126
831
491
549
752
6
190
338
44
39
791
233
500
188
952
204
926
843
352
655
221
21
902
410
331
797
240
795
94
523
955
606
196
594
852
305
588
181
807
679
364
542
372
732
678
216
513
79
638
459
245
863
14
249
81
214
911
31
744
80
718
241
301
268
720
249
497
21
278
341
450
402
647
174
315
443
318
780
454
675
686
778
92
665
71
374
662
254
26
309
373
692
279
940
171
401
835
219
844
165
964
207
696
433
25
225
968
251
205
534
407
685
57
403
78
520
399
287
911
911
525
418
44
908
682
319
790
819
481
276
481
35
75
542
392
417
634
114
356
336
31
758
698
128
310
313
905
452
140
758
436
554
814
624
452
572
503
446
976
129
716
782
911
584
524
145
613
931
788
169
847
520
242
996
777
198
499
742
266
132
631
195
780
431
706
687
74
383
183
725
940
642
4
364
595
784
434
275
714
588
698
246
392
572
5
214
981
933
960
581
912
163
878
491
55
405
495
351
977
937
950
735
962
511
91
443
399
946
161
269
866
639
275
208
236
518
116
397
323
832
39
588
116
478
214
927
53
500
631
492
674
705
366
317
876
510
962
754
353
769
253
133
988
351
987
845
393
129
840
311
548
824
859
434
938
653
61
474
329
154
957
474
244
372
552
829
189
500
175
153
161
330
177
223
545
745
221
790
154
163
239
139
953
896
95
802
816
205
624
533
486
276
67
127
328
279
96
940
881
312
923
56
53
310
209
606
114
974
950
77
291
200
955
556
285
929
636
202
104
707
898
845
555
553
946
759
712
410
332
11
129
984
457
160
22
870
301
140
983
510
473
181
192
963
593
660
570
798
336
237
685
576
250
449
884
583
328
204
506
846
756
101
535
994
370
323
528
236
395
189
746
680
796
586
30
174
887
983
140
112
42
912
859
712
987
391
472
331
962
18
438
46
224
568
535
319
30
980
942
665
811
458
522
156
898
219
296
417
15
219
318
790
848
924
5
403
306
708
884
189
625
514
324
222
378
596
806
685
775
28
544
233
164
192
39
814
722
807
431
713
512
165
79
824
823
220
156
253
473
964
548
760
535
482
901
42
627
388
312
320
377
748
768
655
311
562
292
481
771
287
216
624
841
841
160
115
440
981
233
927
178
213
33
978
440
715
440
425
412
579
980
276
859
625
611
200
307
992
283
317
504
194
30
489
209
579
31
379
34
372
544
104
791
690
136
332
664
564
405
846
782
128
208
704
585
202
22
247
739
685
450
595
279
842
554
838
76
294
237
880
880
87
904
142
415
608
36
910
750
949
264
561
356
980
966
983
784
675
430
867
180
160
862
694
994
111
979
17
931
864
415
325
257
335
663
89
427
42
290
625
433
602
751
570
400
139
784
901
951
758
205
901
137
761
332
950
223
132
450
888
319
552
923
24
356
313
859
109
356
127
694
484
35
163
712
664
658
572
509
272
314
316
921
757
828
430
238
151
974
604
748
475
502
813
849
880
88
725
122
485
790
273
484
877
293
440
593
399
2
160
690
207
646
860
752
2
128
529
140
857
389
747
864
868
670
753
818
412
767
332
687
469
315
256
257
94
939
639
595
552
245
142
44
57
769
244
835
657
729
95
102
539
445
101
709
74
749
85
77
547
674
283
321
450
783
631
264
959
519
201
6
975
519
63
999
408
149
173
241
125
207
902
380
388
106
540
528
704
699
942
343
478
319
6
627
727
87
968
478
261
117
270
550
560
744
281
700
567
908
369
827
437
163
735
534
590
758
505
657
57
816
714
204
319
32
574
540
821
245
346
373
788
189
911
747
780
273
940
593
164
667
492
452
236
174
450
573
383
908
605
144
309
801
972
767
967
250
245
342
519
9
43
281
55
528
735
593
751
493
129
645
293
361
162
337
220
571
529
504
900
420
88
469
466
385
677
156
221
707
451
722
325
924
189
452
148
868
729
816
127
75
422
930
838
195
768
219
354
691
497
543
307
830
673
61
792
513
975
184
18
162
698
635
899
323
166
696
912
933
392
654
740
218
365
862
761
554
365
990
728
574
674
701
63
201
369
548
833
806
672
655
527
559
204
293
407
858
195
847
348
474
765
115
84
