116
678
13
642
448
324
237
745
229
799
60
730
129
506
585
397
93
825
131
538
455
277
227
655
620
585
260
366
263
324
418
171
485
809
213
91
166
521
174
176
556
790
532
322
975
697
916
663
115
517
411
9
376
725
74
958
821
405
372
817
317
236
624
427
582
623
203
690
389
821
638
613
443
511
174
908
972
67
557
39
791
927
676
649
24
123
57
505
581
93
60
230
910
426
45
703
424
350
448
60
752
180
398
169
451
914
525
352
282
363
797
9
692
224
437
651
513
143
844
566
379
324
758
680
988
227
215
747
887
686
682
709
374
325
222
966
442
784
735
304
236
280
287
82
919
525
910
59
241
136
461
489
74
600
596
291
970
724
410
249
861
813
809
705
937
220
195
934
403
105
293
651
653
405
336
985
877
999
362
89
363
311
33
128
231
521
448
908
713
837
306
940
596
642
954
591
323
885
504
307
23
920
846
710
339
467
679
923
888
719
155
609
122
837
972
39
206
451
827
653
461
10
258
736
164
414
403
675
738
462
840
553
142
391
513
301
216
716
206
306
977
710
58
507
26
574
996
901
790
546
954
29
991
332
985
411
72
451
623
466
886
769
948
710
56
954
534
151
354
134
500
589
5
10
621
734
569
760
362
412
223
670
237
547
158
549
327
166
130
538
957
514
30
749
295
782
90
483
199
282
416
6
984
861
558
159
767
751
115
578
219
14
710
116
350
954
678
854
961
125
281
179
470
84
308
598
794
16
815
807
428
118
884
873
79
277
131
131
402
811
235
83
356
661
563
284
800
350
929
690
166
517
531
589
189
576
999
612
722
678
95
729
466
148
850
902
351
949
72
702
606
133
931
39
276
816
7
403
848
874
381
922
902
211
923
666
788
345
791
733
281
363
809
857
737
901
65
4
781
759
390
925
997
101
794
401
478
538
782
163
618
520
428
910
61
633
267
17
686
532
809
955
844
322
259
797
72
432
861
499
835
129
301
719
460
418
741
92
832
654
241
302
695
876
627
514
514
782
575
847
254
979
932
948
262
642
287
403
758
913
679
861
122
241
941
479
972
992
840
121
429
437
649
98
963
533
421
185
865
677
920
244
702
961
436
92
327
486
63
724
968
314
648
217
932
575
617
771
25
569
305
426
501
37
194
695
863
188
721
713
517
114
212
243
484
28
95
947
602
455
896
608
386
86
78
716
600
585
836
330
978
488
269
647
437
979
555
634
272
204
590
213
523
656
361
643
992
670
746
931
395
1
640
843
942
594
212
412
826
44
643
868
573
803
286
228
498
841
93
942
534
820
855
421
197
429
198
322
413
639
82
976
683
392
111
869
12
666
295
578
376
338
213
135
623
514
455
20
373
664
876
431
542
622
690
538
910
234
251
929
844
351
787
696
318
611
210
712
623
870
904
350
904
911
840
361
737
447
402
749
516
691
207
734
430
903
729
420
925
971
498
974
816
501
546
460
599
291
276
361
93
634
593
398
345
170
53
429
853
848
695
786
784
711
536
286
406
885
288
738
538
31
160
852
787
636
966
221
875
788
615
982
114
556
29
5
484
828
107
764
237
950
703
809
231
838
861
754
692
308
71
52
577
957
546
718
436
807
953
598
832
42
114
111
798
274
637
722
41
9
419
271
947
104
682
405
431
79
618
859
73
481
294
279
223
771
244
471
405
277
913
709
60
186
63
91
765
48
824
923
650
829
567
386
48
829
432
666
675
702
800
861
261
835
24
159
143
809
919
352
246
223
352
579
59
894
582
304
981
210
148
920
743
303
170
220
615
455
72
691
389
673
219
379
144
903
226
47
899
161
595
561
127
382
183
301
818
361
158
95
639
463
626
524
730
685
8
161
826
392
627
411
499
94
562
811
421
819
341
333
316
864
452
62
124
237
123
111
609
594
990
430
700
578
947
911
928
809
147
761
362
435
647
551
938
523
510
995
350
87
308
820
318
819
865
933
133
590
682
891
917
308
401
165
898
484
210
238
216
265
829
44
215
615
584
907
443
654
484
703
707
545
312
32
402
611
404
745
335
460
499
390
575
344
991
965
212
737
846
750
116
751
766
378
570
742
721
97
559
965
902
112
527
145
961
217
608
970
110
637
749
870
295
417
852
140
973
351
566
822
545
302
40
340
908
419
688
983
371
704
769
309
83
182
618
23
313
927
140
379
676
952
245
146
401
622
856
249
493
357
195
922
730
522
787
508
449
398
910
650
707
721
589
399
504
352
589
499
274
196
44
229
799
177
999
652
750
850
362
564
891
380
121
353
586
454
94
542
363
752
959
4
249
298
686
766
88
40
579
825
196
47
50
461
965
429
44
219
93
814
856
832
848
963
141
270
850
562
226
699
35
997
967
121
643
275
746
919
179
372
32
583
40
351
581
509
236
829
887
412
344
331
807
501
18
474
52
371
571
726
164
927
347
939
689
960
81
948
658
829
194
547
609
369
87
877
513
449
662
387
501
0
705
455
174
731
32
16
622
257
513
930
96
792
522
51
976
226
583
213
843
878
481
348
582
847
981
121
15
452
177
997
455
688
916
968
678
981
437
257
100
158
590
647
691
64
169
996
148
912
365
323
209
727
169
340
526
26
154
479
80
796
762
821
948
471
66
805
317
27
319
330
754
290
626
385
783
365
543
636
807
525
963
26
656
987
253
304
320
656
932
628
383
873
890
337
80
489
673
228
411
891
858
808
362
952
740
165
379
235
345
94
959
675
176
756
635
593
316
116
503
376
486
947
872
937
82
520
63
528
991
151
638
565
63
371
955
592
605
666
309
399
806
826
639
428
22
381
958
445
286
503
349
47
753
17
242
354
101
519
466
133
571
245
256
317
427
905
358
159
483
338
385
339
577
720
337
613
884
54
162
862
281
797
919
985
510
827
965
802
626
347
720
59
541
322
844
714
536
168
828
396
227
39
835
753
460
262
731
505
740
232
651
27
32
603
172
853
761
89
304
161
745
72
690
895
464
3
624
299
747
896
703
264
208
336
982
542
884
490
504
77
653
481
951
521
729
300
610
735
614
548
721
506
360
820
642
978
373
121
335
588
715
895
803
952
939
847
426
373
158
641
336
995
588
733
699
960
636
353
673
338
115
568
158
141
461
785
522
543
320
372
201
260
885
168
238
370
613
696
322
224
874
470
446
815
819
354
42
323
803
449
448
83
561
102
859
94
202
554
469
543
274
498
128
366
303
345
96
457
680
320
293
171
476
163
72
575
538
760
994
613
399
216
241
734
287
783
968
488
318
819
460
119
841
554
199
395
541
852
521
550
970
883
479
841
702
299
930
390
930
190
348
31
478
556
697
122
305
609
390
69
683
716
543
808
796
834
408
795
541
156
961
643
703
899
5
975
