116
678
13
642
448
324
237
745
229
799
60
730
129
506
585
397
93
825
131
538
455
277
227
655
620
260
366
263
418
171
485
809
213
91
166
521
174
176
556
790
532
322
975
697
916
663
115
517
411
9
376
725
74
958
821
405
372
817
317
236
624
427
582
623
203
690
389
638
613
443
511
908
972
67
557
39
791
927
676
649
24
123
57
505
581
230
910
426
45
703
424
350
752
180
398
169
451
914
525
352
282
363
797
692
224
437
651
513
143
844
566
379
758
680
988
215
747
887
686
682
709
374
325
222
966
442
784
735
304
280
287
82
919
59
241
136
461
489
600
596
291
970
724
410
249
861
813
705
937
220
195
934
403
105
293
653
336
985
877
999
362
89
311
33
128
231
713
837
306
940
954
591
323
885
504
307
23
920
846
710
339
467
679
923
888
719
155
609
122
206
827
10
258
736
164
414
675
738
462
840
553
142
391
301
216
716
977
58
507
26
574
996
901
546
29
991
332
72
466
886
769
948
56
534
151
354
134
500
589
5
621
734
569
760
412
223
670
547
158
549
327
130
957
514
30
749
295
782
90
483
199
416
6
984
558
159
767
751
578
219
14
854
961
125
281
179
470
84
308
598
794
16
815
807
428
118
884
873
79
402
811
235
83
356
661
563
284
800
929
531
189
576
612
722
95
729
148
850
902
351
949
702
606
133
931
276
816
7
848
874
381
922
211
666
788
345
733
857
737
65
4
781
759
390
925
997
101
401
478
163
618
520
61
633
267
17
955
259
432
499
835
460
741
92
832
654
302
695
876
627
575
847
254
979
932
262
913
941
479
992
121
429
98
963
533
421
185
865
677
244
436
486
63
968
314
648
217
617
771
25
305
501
37
194
863
188
721
114
212
243
484
28
947
602
896
608
386
86
78
836
330
978
488
269
647
555
634
272
204
590
523
656
361
643
746
395
1
640
843
942
594
826
44
868
573
803
286
228
498
841
820
855
197
198
413
639
976
683
392
111
869
12
338
135
20
373
664
431
542
622
234
251
787
696
318
611
210
712
870
904
911
447
516
691
207
430
903
420
971
974
599
593
170
53
853
786
711
536
406
288
31
160
852
636
221
875
615
982
828
107
764
950
838
754
71
52
577
718
953
42
798
274
637
41
419
271
104
859
73
481
294
279
471
186
765
48
824
650
829
567
261
246
579
894
981
743
303
673
144
226
47
899
161
595
561
127
382
183
818
463
626
524
685
8
94
562
819
341
333
316
864
452
62
124
990
700
928
147
761
435
551
938
510
995
87
933
891
917
165
898
238
265
584
907
707
545
312
32
404
335
344
965
750
766
378
570
742
97
559
112
527
145
110
417
140
973
822
40
340
688
983
371
704
309
182
313
952
245
146
856
493
357
522
508
449
399
196
177
652
564
380
353
586
454
959
298
88
50
814
141
270
699
35
967
275
583
509
331
18
474
571
726
347
939
689
960
81
658
369
662
387
0
731
257
930
96
792
51
878
348
15
100
64
912
365
209
727
526
154
80
796
762
66
805
27
319
290
385
783
543
987
253
320
628
383
890
337
858
808
740
756
635
503
872
528
565
592
605
806
22
445
349
753
242
519
256
905
358
720
54
162
862
802
541
714
168
396
232
603
172
895
464
3
299
264
208
490
77
951
300
610
614
548
360
588
715
641
568
785
201
370
446
102
202
554
469
457
476
994
119
550
883
190
69
834
408
795
156
